28
12
27
42
73
25
62
3
10
85
60
55
20
7
84
7
9
69
45
83
70
7
23
94
44
28
9
12
33
97
13
15
36
80
15
56
2
59
23
76
90
58
55
25
41
93
47
92
23
97
50
44
42
77
48
88
59
10
77
53
96
21
22
76
12
45
62
10
41
16
85
44
46
91
60
14
10
49
99
55
49
6
42
2
59
30
53
22
63
51
79
80
60
46
46
88
28
83
84
28
75
24
91
39
75
63
29
56
72
89
56
84
82
45
35
25
19
76
5
90
56
68
34
22
92
18
24
40
68
13
96
23
59
17
11
92
20
52
72
70
36
30
77
98
60
19
7
50
16
36
2
98
26
12
27
28
94
90
87
79
17
59
71
62
68
74
98
23
92
52
8
3
78
12
49
98
23
22
75
25
41
20
33
62
43
88
84
93
87
96
84
72
3
97
96
90
68
44
68
46
32
9
89
68
21
58
57
33
2
37
20
85
9
97
3
16
90
66
42
73
66
3
63
81
79
35
47
87
57
91
8
65
81
20
41
9
62
30
76
87
62
51
88
99
49
56
27
3
16
38
53
38
98
7
83
13
91
26
26
58
52
84
37
55
74
39
51
12
57
19
54
79
55
58
98
16
64
24
7
86
57
13
7
64
98
98
99
56
4
25
7
30
82
74
69
87
57
13
35
11
45
44
6
89
78
28
87
33
9
79
10
47
50
48
11
33
41
47
17
94
12
44
64
75
19
66
62
88
10
20
30
97
74
30
9
63
14
16
36
21
97
97
39
25
26
61
44
1
3
12
54
42
14
81
20
34
37
67
11
56
75
75
23
49
39
60
84
28
50
91
76
93
93
71
42
64
46
24
81
76
75
61
76
60
20
22
77
5
11
81
3
62
50
57
37
8
67
82
1
53
80
87
82
33
94
45
73
12
89
98
15
30
1
99
73
42
45
92
58
69
35
80
67
4
36
6
56
25
61
37
69
58
42
28
21
68
11
39
19
6
97
95
33
37
8
78
86
15
89
61
42
87
48
49
35
61
4
15
2
15
43
90
57
37
64
31
47
96
82
49
98
28
21
16
83
12
28
75
92
16
49
65
23
72
52
77
65
9
30
64
84
83
84
37
86
79
25
1
15
11
88
21
38
11
3
29
81
35
79
32
58
98
68
18
5
85
73
89
99
14
98
49
69
48
70
25
66
99
59
58
19
92
30
17
43
85
97
20
27
15
51
19
19
88
50
70
58
68
15
49
36
38
68
22
69
78
28
56
76
83
32
3
54
83
44
55
54
69
71
95
25
56
34
63
22
29
4
69
59
91
47
47
88
78
4
89
50
73
2
55
24
56
16
76
55
62
82
41
91
21
41
75
47
90
14
41
62
61
5
66
4
25
28
4
80
2
3
28
14
17
17
61
53
21
83
96
42
47
29
12
67
70
33
75
25
38
51
45
89
90
24
5
31
45
45
58
28
92
98
66
61
34
4
69
40
99
11
76
68
23
59
69
30
99
12
51
21
16
55
59
84
1
9
71
71
6
86
99
55
19
99
70
69
67
38
43
24
26
54
85
88
68
79
94
94
95
86
44
38
15
87
71
2
33
14
25
70
67
29
87
1
69
27
80
34
9
43
89
61
86
96
85
60
23
40
81
96
34
33
3
70
69
73
81
22
37
7
44
71
60
70
20
79
22
12
52
58
58
6
60
53
7
11
83
34
82
77
72
3
59
54
82
94
17
54
37
45
82
44
93
56
38
20
51
84
24
4
78
48
44
28
75
74
21
39
44
97
86
79
40
26
88
33
64
55
2
55
72
1
14
6
20
15
29
50
36
97
79
30
78
20
70
38
90
10
80
55
3
78
43
19
73
32
38
24
25
97
10
27
37
38
10
77
7
9
35
32
43
74
47
80
60
69
20
15
19
21
49
48
47
11
49
58
29
95
37
15
76
52
95
25
68
66
77
63
48
44
27
99
8
35
39
98
74
25
2
54
99
58
28
16
49
13
5
99
38
73
72
44
1
67
59
55
30
84
68
70
67
11
86
25
22
7
22
94
76
15
65
4
47
37
32
87
52
62
25
82
86
79
55
9
72
50
30
51
40
20
20
26
74
22
63
84
95
58
59
27
39
16
18
8
46
56
14
78
9
13
78
70
32
33
87
16
6
76
65
22
24
61
12
58
66
44
85
41
72
85
42
19
2
14
46
65
76
10
99
61
99
84
57
72
85
86
63
25
92
82
99
55
33
41
97
46
39
92
84
23
76
72
99
84
7
9
69
45
83
70
7
23
94
44
28
9
12
33
97
13
15
36
80
15
56
2
59
23
76
90
58
55
25
41
93
47
92
23
97
50
44
42
77
48
88
59
10
77
53
96
21
22
76
12
45
62
10
41
16
85
44
46
91
60
14
10
49
99
55
49
6
42
2
59
30
53
22
63
51
79
80
60
46
46
88
28
83
84
28
75
24
91
39
75
63
29
56
72
89
56
84
82
45
35
25
19
76
5
90
56
68
34
22
92
18
24
40
68
13
96
23
59
17
11
92
20
52
72
70
36
30
77
98
60
19
7
50
16
36
2
98
26
12
27
28
94
90
87
79
17
59
71
62
68
74
98
23
92
52
8
3
78
12
49
98
23
22
75
25
41
20
33
62
43
88
84
93
87
96
84
72
3
97
96
90
68
44
68
46
32
9
89
68
21
58
57
33
2
37
20
85
9
97
3
16
90
66
42
73
66
3
63
81
79
35
47
87
57
91
8
65
81
20
41
9
62
30
76
87
62
51
88
99
49
56
27
3
16
38
53
38
98
7
83
13
91
26
26
58
52
84
37
55
74
39
51
12
57
19
54
79
55
58
98
16
64
24
7
86
57
13
7
64
98
98
99
56
4
25
7
30
82
74
69
87
57
13
35
11
45
44
6
89
78
28
87
33
9
79
10
47
50
48
11
33
41
47
17
94
12
44
64
75
19
66
62
88
10
20
30
97
74
30
9
63
14
16
36
21
97
97
39
25
26
61
44
1
3
12
54
42
14
81
20
34
37
67
11
56
75
75
23
49
39
60
84
28
50
91
76
93
93
71
42
64
46
24
81
76
75
61
76
60
20
22
77
5
11
81
3
62
50
57
37
8
67
82
1
53
80
87
82
33
94
45
73
12
89
98
15
30
1
99
73
42
45
92
58
69
35
80
67
4
36
6
56
25
61
37
69
58
42
28
21
68
11
39
19
6
97
95
33
37
8
78
86
15
89
61
42
87
48
49
35
61
4
15
2
15
43
90
57
37
64
31
47
96
82
49
98
28
21
16
83
12
28
75
92
16
49
65
23
72
52
77
65
9
30
64
84
83
84
37
86